119
111
111
119
185
111
119
235
235
235
111
119
111
235
235
215
119
111
111
235
119
235
52
111
49
119
111
185
111
119
47
111
119
185
111
111
119
235
111
235
235
119
111
119
252
111
235
119
111
151
235
111
119
111
119
215
235
52
111
119
111
49
111
119
111
200
119
111
47
111
119
111
119
111
235
119
111
119
111
119
111
111
119
200
111
52
119
111
215
119
111
49
111
119
111
52
119
111
235
119
47
111
119
111
111
119
111
185
119
111
151
111
119
235
185
111
119
111
185
119
111
111
119
215
200
111
185
235
52
119
111
49
119
111
185
111
119
111
119
47
111
185
119
252
111
119
185
111
235
235
119
235
111
52
119
185
111
119
111
119
185
111
215
119
111
185
235
49
200
119
111
111
119
185
111
119
235
111
47
119
185
111
119
111
52
119
52
111
235
151
185
119
111
235
111
119
111
185
119
111
52
111
119
235
111
215
52
52
119
185
49
111
119
111
235
185
111
119
235
111
235
119
185
47
111
119
235
111
235
185
119
111
111
185
119
111
119
111
185
111
52
119
111
235
185
111
215
119
111
49
111
185
119
111
235
235
252
111
119
185
47
111
119
111
119
185
111
235
111
119
235
111
119
185
111
111
119
151
185
111
119
52
111
119
111
235
185
215
111
119
235
111
49
119
111
185
119
111
235
111
119
111
185
47
111
119
111
119
111
185
119
235
111
111
119
185
235
111
119
52
111
111
119
185
111
119
111
185
215
119
111
49
111
119
185
111
119
111
185
119
111
235
111
47
119
111
185
111
119
111
119
185
111
151
200
119
111
185
111
52
119
111
119
111
185
111
119
111
252
215
185
235
119
49
111
111
119
235
185
111
119
111
185
111
119
111
47
119
111
185
111
119
111
119
185
111
52
111
119
185
111
119
111
185
119
111
111
235
215
119
119
185
111
111
119
49
235
111
185
119
111
111
119
185
235
111
47
119
111
185
111
119
151
111
119
52
111
185
235
111
119
111
185
119
111
111
119
185
111
119
111
215
185
119
111
235
111
49
119
185
111
235
119
111
185
111
200
119
111
47
119
185
111
235
119
111
52
119
111
185
111
119
111
235
235
119
185
111
252
119
111
185
111
119
215
111
119
111
185
119
111
235
49
185
119
111
111
119
185
111
47
119
200
111
52
151
185
119
111
111
119
235
185
111
119
235
111
185
119
111
235
111
235
119
185
215
111
119
200
111
119
185
111
111
119
49
111
185
119
111
111
119
185
47
52
111
119
111
119
111
185
200
111
119
111
235
119
185
111
119
235
185
119
215
111
119
185
119
111
200
185
119
111
49
119
185
47
52
119
151
185
111
235
119
252
